0 125 75 
0 125 125 75 
0 125 125 75 
0 125 125 75 
0 125 125 75 
0 125 125 75 
0 125 125 75 
0 125 125 75 
0 125 125 75 
0 125 125 75 
0 125 125 75 
0 125 125 75 
0 125 125 75 
0 125 125 75 
0 125 75 
0 75 125 75 
0 75 125 125 75 
0 75 125 125 75 
0 75 125 125 75 
0 75 125 125 75 
0 75 125 125 75 
0 75 125 125 75 
0 75 125 125 75 
0 75 125 125 75 
0 75 125 125 75 
0 75 125 125 75 
0 75 125 125 75 
0 75 125 125 75 
0 75 125 125 75 
0 75 125 75 
0 75 125 75 
0 75 125 125 75 
0 75 125 125 75 
0 75 125 125 75 
0 75 125 125 75 
0 75 125 125 75 
0 75 125 125 75 
0 75 125 125 75 
0 75 125 125 75 
0 75 125 125 75 
0 75 125 125 75 
0 75 125 125 75 
0 75 125 125 75 
0 75 125 125 75 
0 75 125 75 
0 75 125 75 
0 75 125 125 75 
0 75 125 125 75 
0 75 125 125 75 
0 75 125 125 75 
0 75 125 125 75 
0 75 125 125 75 
0 75 125 125 75 
0 75 125 125 75 
0 75 125 125 75 
0 75 125 125 75 
0 75 125 125 75 
0 75 125 125 75 
0 75 125 125 75 
0 75 125 75 
0 75 125 75 
0 75 125 125 75 
0 75 125 125 75 
0 75 125 125 75 
0 75 125 125 37.5 37.5 
0 75 125 125 37.5 37.5 
0 75 125 125 37.5 37.5 
0 75 125 125 37.5 37.5 
0 75 125 125 37.5 37.5 
0 75 125 125 37.5 37.5 
0 75 125 125 37.5 37.5 
0 75 125 125 75 
0 75 125 125 75 
0 75 125 125 75 
0 75 125 75 
0 75 125 75 
0 75 125 125 75 
0 75 125 125 75 
0 75 125 62.5 62.5 75 
0 75 125 62.5 37.5 
0 75 62.5 37.5 62.5 
0 125 37.5 62.5 37.5 
0 37.5 62.5 62.5 37.5 
0 75 62.5 62.5 37.5 
0 75 62.5 37.5 62.5 
0 62.5 37.5 62.5 37.5 
0 37.5 62.5 62.5 37.5 
0 75 62.5 62.5 37.5 
0 75 62.5 37.5 62.5 
0 62.5 37.5 62.5 37.5 
0 37.5 62.5 62.5 37.5 
0 75 62.5 62.5 37.5 
0 75 62.5 37.5 62.5 
0 62.5 37.5 62.5 37.5 
0 37.5 62.5 62.5 37.5 
0 75 62.5 62.5 37.5 
0 75 62.5 37.5 62.5 
0 62.5 37.5 62.5 37.5 
0 37.5 62.5 62.5 37.5 
0 75 62.5 62.5 37.5 
0 75 62.5 37.5 62.5 
0 62.5 37.5 62.5 37.5 
0 37.5 62.5 62.5 37.5 
0 75 62.5 62.5 37.5 
0 75 62.5 37.5 125 
0 62.5 37.5 62.5 37.5 
0 37.5 62.5 125 37.5 
0 75 62.5 62.5 125 75 
0 75 125 125 75 
0 75 125 125 75 
0 75 125 75 
0 75 125 75 
0 75 125 125 75 
0 75 125 125 75 
0 75 125 62.5 62.5 75 
0 37.5 125 62.5 37.5 
0 37.5 62.5 37.5 62.5 
0 125 37.5 62.5 37.5 
0 37.5 62.5 62.5 37.5 
0 37.5 62.5 62.5 37.5 
0 37.5 62.5 37.5 62.5 
0 62.5 37.5 62.5 37.5 
0 37.5 62.5 62.5 37.5 
0 37.5 62.5 62.5 37.5 
0 37.5 62.5 37.5 62.5 
0 62.5 37.5 62.5 37.5 
0 37.5 62.5 62.5 37.5 
0 37.5 62.5 62.5 37.5 
0 37.5 62.5 37.5 62.5 
0 62.5 37.5 62.5 37.5 
0 37.5 62.5 62.5 37.5 
0 37.5 62.5 62.5 37.5 
0 37.5 62.5 37.5 62.5 
0 62.5 37.5 62.5 37.5 
0 37.5 62.5 62.5 37.5 
0 37.5 62.5 62.5 37.5 
0 37.5 62.5 37.5 62.5 
0 62.5 37.5 62.5 37.5 
0 37.5 62.5 62.5 37.5 
0 37.5 62.5 62.5 37.5 
0 37.5 62.5 37.5 125 
0 62.5 37.5 62.5 37.5 
0 37.5 62.5 125 37.5 
0 75 62.5 62.5 125 75 
0 75 125 125 75 
0 75 125 125 75 
0 75 125 75 
0 75 125 75 
0 75 125 125 75 
0 75 125 125 75 
0 75 125 62.5 62.5 75 
0 37.5 125 62.5 37.5 
0 37.5 62.5 37.5 62.5 
0 125 37.5 62.5 37.5 
0 37.5 62.5 62.5 37.5 
0 37.5 62.5 62.5 37.5 
0 37.5 62.5 37.5 62.5 
0 62.5 37.5 62.5 37.5 
0 37.5 62.5 62.5 37.5 
0 37.5 62.5 62.5 37.5 
0 37.5 62.5 37.5 62.5 
0 62.5 37.5 62.5 37.5 
0 37.5 62.5 62.5 37.5 
0 37.5 62.5 62.5 37.5 
0 37.5 62.5 37.5 62.5 
0 62.5 37.5 62.5 37.5 
0 37.5 62.5 62.5 37.5 
0 37.5 62.5 62.5 37.5 
0 37.5 62.5 37.5 62.5 
0 62.5 37.5 62.5 37.5 
0 37.5 62.5 62.5 37.5 
0 37.5 62.5 62.5 37.5 
0 37.5 62.5 37.5 62.5 
0 62.5 37.5 62.5 37.5 
0 37.5 62.5 62.5 37.5 
0 37.5 62.5 62.5 37.5 
0 37.5 62.5 37.5 125 
0 62.5 37.5 62.5 37.5 
0 37.5 62.5 125 37.5 
0 75 62.5 62.5 125 75 
0 75 125 125 75 
0 75 125 125 75 
0 75 125 75 
0 75 125 75 
0 75 125 125 75 
0 75 125 125 75 
0 75 125 62.5 62.5 75 
0 37.5 125 62.5 37.5 
0 37.5 62.5 37.5 62.5 
0 125 37.5 62.5 37.5 
0 37.5 62.5 62.5 37.5 
0 37.5 62.5 62.5 37.5 
0 37.5 62.5 37.5 62.5 
0 62.5 37.5 62.5 37.5 
0 37.5 62.5 62.5 37.5 
0 37.5 62.5 62.5 37.5 
0 37.5 62.5 37.5 62.5 
0 62.5 37.5 62.5 37.5 
0 37.5 62.5 62.5 37.5 
0 37.5 62.5 62.5 37.5 
0 37.5 62.5 37.5 62.5 
0 62.5 37.5 62.5 37.5 
0 37.5 62.5 62.5 37.5 
0 37.5 62.5 62.5 37.5 
0 37.5 62.5 37.5 62.5 
0 62.5 37.5 62.5 37.5 
0 37.5 62.5 62.5 37.5 
0 37.5 62.5 62.5 37.5 
0 37.5 62.5 37.5 62.5 
0 62.5 37.5 62.5 37.5 
0 37.5 62.5 62.5 37.5 
0 37.5 62.5 62.5 37.5 
0 37.5 62.5 37.5 125 
0 62.5 37.5 62.5 37.5 
0 37.5 62.5 125 37.5 
0 75 62.5 62.5 125 75 
0 75 125 125 75 
0 75 125 125 75 
0 75 125 75 
0 75 125 75 
0 75 125 125 75 
0 75 125 125 75 
0 75 125 62.5 62.5 75 
0 37.5 125 62.5 37.5 
0 37.5 62.5 37.5 62.5 
0 125 37.5 62.5 37.5 
0 37.5 62.5 62.5 37.5 
0 37.5 62.5 62.5 37.5 
0 37.5 62.5 37.5 62.5 
0 62.5 37.5 62.5 37.5 
0 37.5 62.5 62.5 37.5 
0 37.5 62.5 62.5 37.5 
0 37.5 62.5 37.5 62.5 
0 62.5 37.5 62.5 37.5 
0 37.5 62.5 62.5 37.5 
0 37.5 62.5 62.5 37.5 
0 37.5 62.5 37.5 62.5 
0 62.5 37.5 62.5 37.5 
0 37.5 62.5 62.5 37.5 
0 37.5 62.5 62.5 37.5 
0 37.5 62.5 37.5 62.5 
0 62.5 37.5 62.5 37.5 
0 37.5 62.5 62.5 37.5 
0 37.5 62.5 62.5 37.5 
0 37.5 62.5 37.5 62.5 
0 62.5 37.5 62.5 37.5 
0 37.5 62.5 62.5 37.5 
0 37.5 62.5 62.5 37.5 
0 37.5 62.5 37.5 125 
0 62.5 37.5 62.5 37.5 
0 37.5 62.5 125 37.5 
0 75 62.5 62.5 125 75 
0 75 125 125 75 
0 75 125 125 75 
0 75 125 75 
0 75 125 75 
0 75 125 125 75 
0 75 125 125 75 
0 75 125 62.5 62.5 75 
0 37.5 125 62.5 37.5 
0 37.5 62.5 37.5 62.5 
0 125 37.5 62.5 37.5 
0 37.5 62.5 62.5 37.5 
0 37.5 62.5 62.5 37.5 
0 37.5 62.5 37.5 62.5 
0 62.5 37.5 62.5 37.5 
0 37.5 62.5 62.5 37.5 
0 37.5 62.5 62.5 37.5 
0 37.5 62.5 37.5 62.5 
0 62.5 37.5 62.5 37.5 
0 37.5 62.5 62.5 37.5 
0 37.5 62.5 62.5 37.5 
0 37.5 62.5 37.5 62.5 
0 62.5 37.5 62.5 37.5 
0 37.5 62.5 62.5 37.5 
0 37.5 62.5 62.5 37.5 
0 37.5 62.5 37.5 62.5 
0 62.5 37.5 62.5 37.5 
0 37.5 62.5 62.5 37.5 
0 37.5 62.5 62.5 37.5 
0 37.5 62.5 37.5 62.5 
0 62.5 37.5 62.5 37.5 
0 37.5 62.5 62.5 37.5 
0 37.5 62.5 62.5 37.5 
0 37.5 62.5 37.5 125 
0 62.5 37.5 62.5 37.5 
0 37.5 62.5 125 37.5 
0 75 62.5 62.5 125 75 
0 75 125 125 75 
0 75 125 125 75 
0 75 125 75 
0 75 125 75 
0 75 125 125 75 
0 75 125 125 75 
0 75 125 62.5 62.5 75 
0 37.5 125 62.5 37.5 
0 37.5 62.5 37.5 62.5 
0 125 37.5 62.5 37.5 
0 37.5 62.5 62.5 37.5 
0 37.5 62.5 62.5 37.5 
0 37.5 62.5 37.5 62.5 
0 62.5 37.5 62.5 37.5 
0 37.5 62.5 62.5 37.5 
0 37.5 62.5 62.5 37.5 
0 37.5 62.5 37.5 62.5 
0 62.5 37.5 62.5 37.5 
0 37.5 62.5 62.5 37.5 
0 37.5 62.5 62.5 37.5 
0 37.5 62.5 37.5 62.5 
0 62.5 37.5 62.5 37.5 
0 37.5 62.5 62.5 37.5 
0 37.5 62.5 62.5 37.5 
0 37.5 62.5 37.5 62.5 
0 62.5 37.5 62.5 37.5 
0 37.5 62.5 62.5 37.5 
0 37.5 62.5 62.5 37.5 
0 37.5 62.5 37.5 62.5 
0 62.5 37.5 62.5 37.5 
0 37.5 62.5 62.5 37.5 
0 37.5 62.5 62.5 37.5 
0 37.5 62.5 37.5 125 
0 62.5 37.5 62.5 37.5 
0 37.5 62.5 125 37.5 
0 75 62.5 62.5 125 75 
0 75 125 125 75 
0 75 125 125 75 
0 75 125 75 
0 75 125 75 
0 75 125 125 75 
0 75 125 125 75 
0 75 125 62.5 62.5 75 
0 37.5 125 62.5 37.5 
0 37.5 62.5 37.5 62.5 
0 125 37.5 62.5 37.5 
0 37.5 62.5 62.5 37.5 
0 37.5 62.5 62.5 37.5 
0 37.5 62.5 37.5 62.5 
0 62.5 37.5 62.5 37.5 
0 37.5 62.5 62.5 37.5 
0 37.5 62.5 62.5 37.5 
0 37.5 62.5 37.5 62.5 
0 62.5 37.5 62.5 37.5 
0 37.5 62.5 62.5 37.5 
0 37.5 62.5 62.5 37.5 
0 37.5 62.5 37.5 62.5 
0 62.5 37.5 62.5 37.5 
0 37.5 62.5 62.5 37.5 
0 37.5 62.5 62.5 37.5 
0 37.5 62.5 37.5 62.5 
0 62.5 37.5 62.5 37.5 
0 37.5 62.5 62.5 37.5 
0 37.5 62.5 62.5 37.5 
0 37.5 62.5 37.5 62.5 
0 62.5 37.5 62.5 37.5 
0 37.5 62.5 62.5 37.5 
0 37.5 62.5 62.5 37.5 
0 37.5 62.5 37.5 125 
0 62.5 37.5 62.5 37.5 
0 37.5 62.5 125 37.5 
0 75 62.5 62.5 125 75 
0 75 125 125 75 
0 75 125 125 75 
0 75 125 75 
0 75 125 75 
0 75 125 125 75 
0 75 125 125 75 
0 75 125 62.5 62.5 75 
0 37.5 125 62.5 37.5 
0 37.5 62.5 37.5 62.5 
0 125 37.5 62.5 37.5 
0 37.5 62.5 62.5 37.5 
0 37.5 62.5 62.5 37.5 
0 37.5 62.5 37.5 62.5 
0 62.5 37.5 62.5 37.5 
0 37.5 62.5 62.5 37.5 
0 37.5 62.5 62.5 37.5 
0 37.5 62.5 37.5 62.5 
0 62.5 37.5 62.5 37.5 
0 37.5 62.5 62.5 37.5 
0 37.5 62.5 62.5 37.5 
0 37.5 62.5 37.5 62.5 
0 62.5 37.5 62.5 37.5 
0 37.5 62.5 62.5 37.5 
0 37.5 62.5 62.5 37.5 
0 37.5 62.5 37.5 62.5 
0 62.5 37.5 62.5 37.5 
0 37.5 62.5 62.5 37.5 
0 37.5 62.5 62.5 37.5 
0 37.5 62.5 37.5 62.5 
0 62.5 37.5 62.5 37.5 
0 37.5 62.5 62.5 37.5 
0 37.5 62.5 62.5 37.5 
0 37.5 62.5 37.5 125 
0 62.5 37.5 62.5 37.5 
0 37.5 62.5 125 37.5 
0 75 62.5 62.5 125 75 
0 75 125 125 75 
0 75 125 125 75 
0 75 125 75 
0 75 125 75 
0 75 125 125 75 
0 75 125 125 75 
0 75 125 62.5 62.5 75 
0 37.5 125 62.5 37.5 
0 37.5 62.5 37.5 62.5 
0 125 37.5 62.5 75 
0 37.5 62.5 62.5 75 
0 37.5 62.5 62.5 37.5 
0 37.5 62.5 37.5 62.5 
0 62.5 37.5 62.5 75 
0 37.5 62.5 62.5 75 
0 37.5 62.5 62.5 37.5 
0 37.5 62.5 37.5 62.5 
0 62.5 37.5 62.5 75 
0 37.5 62.5 62.5 75 
0 37.5 62.5 62.5 37.5 
0 37.5 62.5 37.5 62.5 
0 62.5 37.5 62.5 75 
0 37.5 62.5 62.5 75 
0 37.5 62.5 62.5 37.5 
0 37.5 62.5 37.5 62.5 
0 62.5 37.5 62.5 75 
0 37.5 62.5 62.5 75 
0 37.5 62.5 62.5 37.5 
0 37.5 62.5 37.5 62.5 
0 62.5 37.5 62.5 75 
0 37.5 62.5 62.5 75 
0 37.5 62.5 62.5 37.5 
0 37.5 62.5 37.5 125 
0 62.5 37.5 62.5 75 
0 37.5 62.5 125 75 
0 75 62.5 62.5 125 75 
0 75 125 125 75 
0 75 125 125 75 
0 75 125 75 
0 75 125 75 
0 75 125 125 75 
0 75 125 125 75 
0 75 125 125 75 
0 37.5 37.5 125 125 75 
0 37.5 37.5 125 125 75 
0 37.5 37.5 125 125 75 
0 37.5 37.5 125 125 75 
0 37.5 37.5 125 125 75 
0 37.5 37.5 125 125 75 
0 37.5 37.5 125 125 75 
0 75 125 125 75 
0 75 125 125 75 
0 75 125 125 75 
0 75 125 75 
0 75 125 75 
0 75 125 125 75 
0 75 125 125 75 
0 75 125 125 75 
0 75 125 125 75 
0 75 125 125 75 
0 75 125 125 75 
0 75 125 125 75 
0 75 125 125 75 
0 75 125 125 75 
0 75 125 125 75 
0 75 125 125 75 
0 75 125 125 75 
0 75 125 125 75 
0 75 125 75 
0 75 125 75 
0 75 125 125 75 
0 75 125 125 75 
0 75 125 125 75 
0 75 125 125 75 
0 75 125 125 75 
0 75 125 125 75 
0 75 125 125 75 
0 75 125 125 75 
0 75 125 125 75 
0 75 125 125 75 
0 75 125 125 75 
0 75 125 125 75 
0 75 125 125 75 
0 75 125 75 
0 75 125 75 
0 75 125 125 75 
0 75 125 125 75 
0 75 125 125 75 
0 75 125 125 75 
0 75 125 125 75 
0 75 125 125 75 
0 75 125 125 75 
0 75 125 125 75 
0 75 125 125 75 
0 75 125 125 75 
0 75 125 125 75 
0 75 125 125 75 
0 75 125 125 75 
0 75 125 75 
0 75 125 
0 75 125 125 
0 75 125 125 
0 75 125 125 
0 75 125 125 
0 75 125 125 
0 75 125 125 
0 75 125 125 
0 75 125 125 
0 75 125 125 
0 75 125 125 
0 75 125 125 
0 75 125 125 
0 75 125 125 
0 75 125 